%YAML:1.0
---
Calibrate_Accuracy: 1.0149595185448010e+00
Camera_Matrix: !!opencv-matrix
   rows: 3
   cols: 3
   dt: d
   data: [ 9.8034120633174848e+02, 0., 640., 0., 9.8034120633174848e+02,
       360., 0., 0., 1. ]
Distortion_Coefficients: !!opencv-matrix
   rows: 5
   cols: 1
   dt: d
   data: [ 2.7548809028796278e-01, -1.9608237727801678e+00, 0., 0.,
       3.8347216949062166e+00 ]
Rotation_Vector:
   - !!opencv-matrix
      rows: 3
      cols: 1
      dt: d
      data: [ -4.7413956794637435e-01, -7.9935213844708947e-02,
          -7.8606134265589347e-03 ]
   - !!opencv-matrix
      rows: 3
      cols: 1
      dt: d
      data: [ -4.5518854994392677e-01, -8.8177718724298387e-02,
          -8.1899480381535841e-02 ]
   - !!opencv-matrix
      rows: 3
      cols: 1
      dt: d
      data: [ -4.5175263471598703e-01, -2.9427782534347141e-01,
          -5.4643196588253895e-01 ]
   - !!opencv-matrix
      rows: 3
      cols: 1
      dt: d
      data: [ -4.0198877815417494e-01, -5.1132645865405735e-01,
          -1.4490072338399762e+00 ]
   - !!opencv-matrix
      rows: 3
      cols: 1
      dt: d
      data: [ -2.8395325602145338e-01, -6.0001721268878538e-01,
          -2.1671337413540406e+00 ]
   - !!opencv-matrix
      rows: 3
      cols: 1
      dt: d
      data: [ -5.2556637978488052e-01, 2.7273713965962681e-01,
          1.1252116520022946e+00 ]
   - !!opencv-matrix
      rows: 3
      cols: 1
      dt: d
      data: [ -4.4168211577428795e-01, 4.1755836429477505e-01,
          2.0050470480314333e+00 ]
   - !!opencv-matrix
      rows: 3
      cols: 1
      dt: d
      data: [ -3.1659436946723774e-01, 5.5213968204225894e-01,
          2.8700095786631596e+00 ]
   - !!opencv-matrix
      rows: 3
      cols: 1
      dt: d
      data: [ -9.5887677424377440e-02, 8.2143977061587115e-01,
          2.9729835297693801e+00 ]
   - !!opencv-matrix
      rows: 3
      cols: 1
      dt: d
      data: [ -9.7034762257797100e-02, 8.0495692304845246e-01,
          2.9781444231308729e+00 ]
   - !!opencv-matrix
      rows: 3
      cols: 1
      dt: d
      data: [ -3.4824759291533969e-01, -7.4037946121065767e-01,
          -2.5372509313396052e+00 ]
   - !!opencv-matrix
      rows: 3
      cols: 1
      dt: d
      data: [ -3.6559713045563413e-01, -7.0657629143917777e-01,
          -2.4956480669669268e+00 ]
   - !!opencv-matrix
      rows: 3
      cols: 1
      dt: d
      data: [ -4.8274263069064643e-01, -5.5092652462028902e-01,
          -1.5649769681245467e+00 ]
   - !!opencv-matrix
      rows: 3
      cols: 1
      dt: d
      data: [ -7.4245836530753073e-01, -3.0090595874748466e-01,
          -7.8454886416752367e-01 ]
   - !!opencv-matrix
      rows: 3
      cols: 1
      dt: d
      data: [ -3.1328170063501765e-01, -2.6831065930255016e-01,
          -9.9705839241667774e-02 ]
   - !!opencv-matrix
      rows: 3
      cols: 1
      dt: d
      data: [ -3.1428219482806657e-01, -2.6322448207369131e-01,
          -3.3107379427525348e-02 ]
   - !!opencv-matrix
      rows: 3
      cols: 1
      dt: d
      data: [ -6.5775651893640885e-01, -1.3389598706037484e-01,
          -5.6580700390282915e-02 ]
   - !!opencv-matrix
      rows: 3
      cols: 1
      dt: d
      data: [ -6.6873944710144073e-01, -7.0644080908370904e-02,
          1.3399573677156310e-01 ]
   - !!opencv-matrix
      rows: 3
      cols: 1
      dt: d
      data: [ -6.4330012562160166e-01, -3.8035458330559407e-02,
          3.8849526678672452e-01 ]
Translation_vector:
   - !!opencv-matrix
      rows: 3
      cols: 1
      dt: d
      data: [ -1.1840890553305664e-01, -6.8248872968724700e-02,
          3.3303112972603416e-01 ]
   - !!opencv-matrix
      rows: 3
      cols: 1
      dt: d
      data: [ -1.2953132218487154e-01, -6.9771615396875861e-02,
          3.3033191763666286e-01 ]
   - !!opencv-matrix
      rows: 3
      cols: 1
      dt: d
      data: [ -1.2102946557377514e-01, -4.0296438857108943e-02,
          3.4652059436749605e-01 ]
   - !!opencv-matrix
      rows: 3
      cols: 1
      dt: d
      data: [ -1.1840853427606275e-01, 5.0384892532542476e-02,
          3.1349615363154687e-01 ]
   - !!opencv-matrix
      rows: 3
      cols: 1
      dt: d
      data: [ -2.9502507486016304e-02, 7.7638753015363660e-02,
          3.4348605972755381e-01 ]
   - !!opencv-matrix
      rows: 3
      cols: 1
      dt: d
      data: [ 2.8697598524924052e-03, -1.0934080170160372e-01,
          5.2835015129393004e-01 ]
   - !!opencv-matrix
      rows: 3
      cols: 1
      dt: d
      data: [ 7.4386984543387019e-02, -8.6266948238684707e-02,
          5.0800211118053551e-01 ]
   - !!opencv-matrix
      rows: 3
      cols: 1
      dt: d
      data: [ 1.2146295160602581e-01, 6.6252210434804824e-04,
          4.6532981464322970e-01 ]
   - !!opencv-matrix
      rows: 3
      cols: 1
      dt: d
      data: [ 1.0122444464017157e-01, 2.9800171851147635e-02,
          2.6998472640964677e-01 ]
   - !!opencv-matrix
      rows: 3
      cols: 1
      dt: d
      data: [ 1.0417780277475788e-01, 2.6488720443868005e-02,
          2.6866660749583215e-01 ]
   - !!opencv-matrix
      rows: 3
      cols: 1
      dt: d
      data: [ 3.2452652093000203e-02, 5.5597112074422403e-02,
          3.1686473163028200e-01 ]
   - !!opencv-matrix
      rows: 3
      cols: 1
      dt: d
      data: [ 4.0986758130743046e-02, 4.7775467811292528e-02,
          3.2455680355616012e-01 ]
   - !!opencv-matrix
      rows: 3
      cols: 1
      dt: d
      data: [ -5.4603475348628847e-02, 3.8797148963963926e-02,
          3.5214103031359528e-01 ]
   - !!opencv-matrix
      rows: 3
      cols: 1
      dt: d
      data: [ -4.1611801936332717e-02, -1.9042522682605624e-02,
          4.2350408948770724e-01 ]
   - !!opencv-matrix
      rows: 3
      cols: 1
      dt: d
      data: [ -8.0466285753449371e-02, -6.8602844754698133e-02,
          4.1014790488195318e-01 ]
   - !!opencv-matrix
      rows: 3
      cols: 1
      dt: d
      data: [ -8.5371767216329109e-02, -5.1367964325001854e-02,
          3.9942291369194349e-01 ]
   - !!opencv-matrix
      rows: 3
      cols: 1
      dt: d
      data: [ -6.5376607771075693e-02, -4.6674747387858755e-02,
          3.8590274567310845e-01 ]
   - !!opencv-matrix
      rows: 3
      cols: 1
      dt: d
      data: [ -5.2470397963253326e-02, -5.0981751127572118e-02,
          3.8610231682754292e-01 ]
   - !!opencv-matrix
      rows: 3
      cols: 1
      dt: d
      data: [ -6.9541694866383980e-02, -8.9231877612870131e-02,
          3.9842121522184082e-01 ]
# Rotation vector + Translation vector
